23.78843900 38.04885300 810.00000000 23.78910704 38.04898703 892.00000000
23.78910704 38.04898703 892.00000000 23.78975403 38.05042502 1070.00000000
23.78975403 38.05042502 1070.00000000 23.79192696 38.05407098 1550.00000000
23.79192696 38.05407098 1550.00000000 23.79459437 38.05864021 2136.09529434
23.79459437 38.05864021 2136.09529434 23.79535576 38.05868855 2206.43235644
23.79535576 38.05868855 2206.43235644 23.79547356 38.05849380 2231.57329592
23.79547356 38.05849380 2231.57329592 23.79590452 38.05871565 2278.92699473
23.79590452 38.05871565 2278.92699473 23.79709499 38.05856201 2390.00000000
23.79709499 38.05856201 2400.00000000 23.80028503 38.05774854 2681.81363180
23.80028503 38.05774854 2681.81363180 23.80325822 38.05512201 3056.64301074
23.80325822 38.05512201 3056.64301074 23.80495333 38.05474762 3204.62535828
23.80495333 38.05474762 3204.62535828 23.80476848 38.05425413 3259.35434336
23.80476848 38.05425413 3259.35434336 23.80500934 38.05418228 3281.00000000
23.80500934 38.05418228 3921.00000000 23.80681271 38.05364425 4083.06576238
23.80681271 38.05364425 4083.06576238 23.80716968 38.05448329 4177.19900834
23.80716968 38.05448329 4177.19900834 23.80659163 38.05443796 4226.04073129
23.80659163 38.05443796 4226.04073129 23.80691567 38.05617724 4412.98513837
23.80691567 38.05617724 4412.98513837 23.80758091 38.05909207 4727.94269342
23.80758091 38.05909207 4727.94269342 23.80667318 38.05918567 4804.90780158
23.80667318 38.05918567 4804.90780158 23.80691396 38.06107070 5006.37422513
23.80691396 38.06107070 5006.37422513 23.80690149 38.06269225 5178.80593688
23.80690149 38.06269225 5178.80593688 23.81197065 38.06853293 5932.02889239
23.81197065 38.06853293 5932.02889239 23.81249944 38.06932718 6027.47103306
23.81249944 38.06932718 6027.47103306 23.81367591 38.07215097 6343.60888030
23.81367591 38.07215097 6343.60888030 23.81448296 38.07346137 6498.58925681
23.81448296 38.07346137 6498.58925681 23.81347300 38.07398300 6800.00000000
23.81347300 38.07398300 6800.00000000 23.81455097 38.07777400 7250.00000000
23.81455097 38.07777400 7250.00000000 23.81596308 38.08170578 7721.00000000
23.81596308 38.08170578 7741.00000000 23.81614597 38.08221499 7802.00000000
23.81614597 38.08221499 7802.00000000 23.81680512 38.08417589 8033.65292345
23.81680512 38.08417589 8033.65292345 23.81635381 38.08618868 8267.04436628
23.81635381 38.08618868 8267.04436628 23.81825348 38.08892831 8623.73564653
23.81825348 38.08892831 8623.73564653 23.81908179 38.08930167 8709.78157657
23.81908179 38.08930167 8709.78157657 23.81953067 38.08980404 8780.00000000
23.81953067 38.08980404 8816.00000000 23.82038232 38.09075718 8949.22448028
23.82038232 38.09075718 8949.22448028 23.82152968 38.09155424 9087.06708070
23.82152968 38.09155424 9087.06708070 23.82384618 38.09533906 9567.09689360
23.82384618 38.09533906 9567.09689360 23.82486398 38.09873899 9990.00000000
23.82486398 38.09873899 9990.00000000 23.82531003 38.09949214 10088.52300221
23.82531003 38.09949214 10088.52300221 23.82939444 38.10276787 10633.36917933
23.82939444 38.10276787 10633.36917933 23.83085266 38.10384193 10820.00000000
23.83085266 38.10384193 10850.00000000 23.83535655 38.10715931 11426.43175955
23.83535655 38.10715931 11426.43175955 23.83892512 38.10866196 11804.98349578
23.83892512 38.10866196 11804.98349578 23.84219600 38.11063200 12190.00000000
23.84219600 38.11063200 12190.00000000 23.84476762 38.11200240 12471.22903307
23.84476762 38.11200240 12471.22903307 23.84597515 38.11290580 12622.00000000
23.84597515 38.11290580 12655.00000000 23.84699691 38.11367021 12782.57524687
23.84699691 38.11367021 12782.57524687 23.85116497 38.11474297 13180.00000000
23.85116497 38.11474297 13180.00000000 23.85323355 38.11570817 13406.49608324
23.85323355 38.11570817 13406.49608324 23.85507075 38.11708512 13645.24161684
23.85507075 38.11708512 13645.24161684 23.85615129 38.11851229 13843.68937444
23.85615129 38.11851229 13843.68937444 23.85756496 38.11941274 14014.88391801
23.85756496 38.11941274 14014.88391801 23.85845983 38.12064041 14183.93725325
23.85845983 38.12064041 14183.93725325 23.85841381 38.12216302 14365.68640817
23.85841381 38.12216302 14365.68640817 23.85628149 38.12414544 14676.11962506
23.85628149 38.12414544 14676.11962506 23.85767808 38.12954979 15334.33236909
23.85767808 38.12954979 15334.33236909 23.85878001 38.13073698 15510.00000000
23.85878001 38.13073698 15510.00000000 23.85949180 38.13166598 15639.74231882
23.85949180 38.13166598 15639.74231882 23.85962177 38.13287745 15785.00763566
23.85962177 38.13287745 15785.00763566 23.85525806 38.13783044 16505.97454425
23.85525806 38.13783044 16505.97454425 23.85470599 38.14286702 17110.00000000
23.85470599 38.14286702 17110.00000000 23.85451923 38.14481246 17327.42581446
23.85451923 38.14481246 17327.42581446 23.85615600 38.14913300 17830.00000000
23.85615600 38.14913300 17830.00000000 23.85788500 38.15425400 18435.00000000
23.85788500 38.15425400 18435.00000000 23.85714532 38.15573977 18623.82442275
23.85714532 38.15573977 18623.82442275 23.85770049 38.15633281 18711.05092734
23.85770049 38.15633281 18711.05092734 23.85981158 38.15650847 18909.30352367
23.85981158 38.15650847 18909.30352367 23.86058107 38.15893846 19205.56594779
23.86058107 38.15893846 19205.56594779 23.86088966 38.15947068 19274.79939270
23.86088966 38.15947068 19274.79939270 23.85968192 38.15979770 19394.03743442
23.85968192 38.15979770 19394.03743442 23.85999500 38.16008015 19438.43301582
23.85999500 38.16008015 19438.43301582 23.86145674 38.15981075 19578.61182341
23.86145674 38.15981075 19578.61182341 23.86123642 38.16064241 19679.10849062
23.86123642 38.16064241 19679.10849062 23.86180788 38.16288862 19950.09234385
23.86180788 38.16288862 19950.09234385 23.86133709 38.16366775 20052.19664689
23.86133709 38.16366775 20052.19664689 23.86151997 38.16490900 20200.00000000
23.86151997 38.16490900 20200.00000000 23.86096492 38.16531406 20272.02780561
23.86096492 38.16531406 20272.02780561 23.86144451 38.16756977 20548.10265292
23.86144451 38.16756977 20548.10265292 23.86217807 38.16903746 20738.54641889
23.86217807 38.16903746 20738.54641889 23.86160120 38.17017135 20886.03464937
23.86160120 38.17017135 20886.03464937 23.86188299 38.17108897 21000.00000000
23.86188299 38.17108897 21000.00000000 23.85986728 38.17577959 21559.94801775
23.85986728 38.17577959 21559.94801775 23.85994312 38.17718914 21719.43940504
23.85994312 38.17718914 21719.43940504 23.85876756 38.17743102 21827.84839794
23.85876756 38.17743102 21827.84839794 23.85675000 38.18129201 22300.00000000
23.85675000 38.18129201 22300.00000000 23.85623960 38.18319349 22530.81749887
23.85623960 38.18319349 22530.81749887 23.85444699 38.18501802 22805.00000000
